340
5277
9302
7274
3
5968
1327
255
27
5665
8104
138
4051
4168
507
7773
2688
3497
4074
1403
3599
2007
7621
3124
1195
7245
1979
3365
6607
4816
9336
3620
1557
3404
5451
3739
2504
1845
5533
8298
2893
7814
2505
9785
4709
7880
6262
5135
2088
9309
7259
9993
325
5683
3843
8631
2554
135
5931
8683
4939
9279
5670
5918
8101
6735
9579
9221
8936
1502
7154
9501
3507
1109
15
8440
4164
482
7889
6855
6044
1884
5419
7686
8550
7032
1340
5422
1975
7986
1131
5794
247
6364
8961
6118
277
6592
9662
742
4596
8228
285
4603
8823
7364
6675
3788
4884
9171
5488
481
7774
8890
5235
9766
3120
1504
8435
3902
1418
3542
5314
6077
9460
1417
8205
5155
2637
2477
5447
370
6026
9775
1526
460
238
5121
6167
5758
1688
1058
5934
6700
1436
6865
3804
288
3560
7785
8735
6534
7788
2801
6775
4814
579
4894
9874
60
4075
8597
5959
4255
351
3298
7484
3413
1112
9134
2814
5557
8656
288
3204
8154
2034
9479
4865
7647
210
5170
8845
4877
2815
3247
341
8823
2835
5888
344
2411
9382
6377
5427
9146
4749
7933
3853
3996
3887
2079
9087
1299
9581
925
5102
3223
6688
5981
9098
575
6019
9308
626
825
4587
2742
8694
5514
2332
4523
2525
6573
8837
6190
4956
7357
1626
2355
1974
8286
5889
6341
9624
6830
9614
7228
7241
3675
1139
2145
3233
5694
976
3461
5287
8498
1323
4980
9572
6725
6169
1022
2156
788
1028
4222
3323
685
8784
6727
4531
8262
7759
291
5077
9350
3208
559
8294
5805
2279
1776
2284
3330
5743
1444
63
2489
9367
2285
556
9440
8091
7779
3208
8575
1253
1630
9026
8342
3310
4403
5292
999
8472
8700
3529
5220
9094
7331
5465
4238
7673
6727
7420
7654
5112
2456
5969
3859
8189
5246
4500
5213
5369
6600
8055
4455
2741
387
1515
5751
8916
2758
8769
2770
6516
212
9186
6809
4765
6743
2340
7283
5127
8010
7615
3714
128