8
11,5
8,80 32,76 40,92 12,78 22,68 42,94 44,58 52,74 26,98 2,60 24,88
81,53 71,47 73,11 63,29 75,27
6,3
24,72 30,56 20,46 14,96 26,84 4,40
95,19 55,27 47,29
5,12
26,90 44,92 34,80 46,94 18,82
75,11 95,31 67,3 77,41 81,19 73,17 65,37 83,51 79,35 91,13 89,23 59,9
10,11
2,86 34,58 30,92 10,82 16,62 28,52 12,96 26,90 18,98 4,46
43,5 53,23 67,21 55,27 71,37 57,35 45,39 69,7 81,29 49,25 79,31
9,11
2,52 28,76 50,98 16,78 46,64 24,92 6,54 26,68 40,86
99,39 91,47 87,49 95,27 53,31 59,5 73,7 63,43 51,15 75,29 89,19
14,4
10,58 22,64 4,82 24,72 32,96 20,86 48,94 38,84 16,60 56,68 50,62 26,88 44,80 12,70
93,9 85,35 59,57 91,41
11,11
48,68 12,98 54,88 30,62 22,96 20,80 8,84 52,78 34,66 2,72 46,64
93,3 85,47 67,43 91,27 59,45 73,25 57,11 63,23 83,37 75,29 79,19
13,9
4,96 12,94 36,88 10,72 28,56 6,76 14,70 18,52 38,92 26,68 30,82 8,48 24,98
91,7 63,9 65,11 97,15 49,25 73,17 89,27 59,39 53,3